# Created by traj_opt
# name: x
# type: matrix
# rows: 144
# columns: 1
 0.403334
 0.402387
 0.399791
 0.396176
 0.392209
 0.388416
 0.385284
 0.383286
 0.382803
 0.384012
 0.38681
 0.390807
 0.395359
 0.399607
 0.402524
 0.403513
 0.692907
 0.694241
 0.69756
 0.70121
 0.703428
 0.702736
 0.697857
 0.687787
 0.672043
 0.650926
 0.625592
 0.597964
 0.570605
 0.546777
 0.530512
 0.524821
 -1.99408
 -1.98478
 -1.95842
 -1.9182
 -1.86648
 -1.80449
 -1.73329
 -1.65437
 -1.56993
 -1.4828
 -1.39627
 -1.3139
 -1.23965
 -1.17853
 -1.1374
 -1.12283
 -3.56306e-15
 -0.0284086
 -0.049462
 -0.0589958
 -0.0600191
 -0.0537664
 -0.0401887
 -0.0197632
 0.00526728
 0.0310084
 0.0529417
 0.0669572
 0.0696262
 0.057806
 0.0296882
 2.34174e-15
 -1.96735e-15
 0.0400244
 0.05953
 0.0499857
 0.016551
 -0.0373236
 -0.109039
 -0.193077
 -0.27922
 -0.354313
 -0.405688
 -0.423169
 -0.397596
 -0.317232
 -0.170722
 -1.2308e-15
 1.20152e-15
 0.279219
 0.51136
 0.695242
 0.856406
 1.00338
 1.13267
 1.23471
 1.29856
 1.31544
 1.28047
 1.19053
 1.03696
 0.796692
 0.437077
 6.22617e-16
 0.164518
 -0.0598624
 -0.057575
 -0.0512185
 -0.036652
 -0.0164757
 0.00429685
 0.0214422
 0.0326336
 0.0370841
 0.034877
 0.0267107
 0.0140708
 -0.000617555
 -0.0138037
 -0.0328852
 0.295163
 0.172537
 0.0700105
 -0.00289995
 -0.052871
 -0.0946368
 -0.131587
 -0.153938
 -0.1504
 -0.118751
 -0.0670413
 -0.0067067
 0.0552523
 0.116756
 0.16678
 0.0312631
 1.43904
 1.28217
 0.93908
 0.761449
 0.657742
 0.553214
 0.410086
 0.222736
 0.00881119
 -0.200975
 -0.380209
 -0.528025
 -0.679134
 -0.891562
 -1.18636
 -1.24811
