# Created by traj_opt
# name: x
# type: matrix
# rows: 171
# columns: 1
 0.387144
 0.386636
 0.385242
 0.383238
 0.380901
 0.378467
 0.376141
 0.374109
 0.372539
 0.371583
 0.371367
 0.371973
 0.373418
 0.375627
 0.378406
 0.381424
 0.384228
 0.386283
 0.387053
 0.726166
 0.72666
 0.727845
 0.729028
 0.729451
 0.728431
 0.725389
 0.71986
 0.711502
 0.700115
 0.68567
 0.668355
 0.648626
 0.627278
 0.605505
 0.584929
 0.567568
 0.555665
 0.551366
 -1.99957
 -1.99338
 -1.97553
 -1.94736
 -1.91001
 -1.86447
 -1.81173
 -1.75273
 -1.68848
 -1.62007
 -1.54871
 -1.47584
 -1.40317
 -1.33281
 -1.26734
 -1.20989
 -1.16415
 -1.13413
 -1.12356
 -5.96906e-16
 -0.018292
 -0.0319182
 -0.0402038
 -0.0439241
 -0.0437126
 -0.0400186
 -0.033149
 -0.0233706
 -0.0110406
 0.00325444
 0.0185648
 0.0334732
 0.0460559
 0.0539648
 0.0547094
 0.0462258
 0.0277336
 9.62571e-17
 -8.55868e-18
 0.0178009
 0.0248621
 0.0177326
 -0.00252785
 -0.0341991
 -0.0753065
 -0.123736
 -0.177148
 -0.232782
 -0.287223
 -0.336145
 -0.374097
 -0.394416
 -0.389431
 -0.351289
 -0.273712
 -0.15478
 2.32176e-16
 -2.43242e-16
 0.222841
 0.419618
 0.594474
 0.750397
 0.88878
 1.01003
 1.11383
 1.19909
 1.26384
 1.30504
 1.31832
 1.2977
 1.23536
 1.12171
 0.946312
 0.70033
 0.380485
 1.89597e-17
 -0.0866723
 -0.0799201
 -0.0594874
 -0.0458627
 -0.0354744
 -0.026185
 -0.0168968
 -0.00722174
 0.00273585
 0.0125398
 0.0215745
 0.0291952
 0.0348569
 0.0382005
 0.0391078
 0.0377747
 0.0348148
 0.0312661
 0.065568
 0.104093
 0.0774632
 0.0347887
 -0.00418104
 -0.0366213
 -0.0617107
 -0.0797322
 -0.0912132
 -0.0964706
 -0.0954358
 -0.0876206
 -0.0722285
 -0.0484565
 -0.0159617
 0.0246347
 0.0713723
 0.120838
 0.168364
 0.244378
 1.37145
 1.20271
 1.05083
 0.916758
 0.789922
 0.664512
 0.537432
 0.406876
 0.271662
 0.131059
 -0.0152186
 -0.167118
 -0.32458
 -0.487849
 -0.65727
 -0.832379
 -1.01089
 -1.18768
 -1.30104
