# Created by traj_opt
# name: x
# type: matrix
# rows: 279
# columns: 1
 0.339419
 0.339402
 0.339349
 0.339269
 0.339188
 0.339123
 0.339085
 0.33908
 0.339114
 0.339193
 0.339323
 0.339512
 0.339769
 0.340104
 0.34053
 0.341056
 0.341695
 0.342452
 0.343334
 0.344339
 0.34546
 0.346684
 0.347988
 0.349339
 0.350694
 0.352003
 0.353206
 0.35424
 0.35504
 0.355551
 0.355729
 0.823515
 0.823285
 0.822595
 0.821402
 0.819637
 0.81724
 0.814168
 0.810382
 0.805854
 0.800557
 0.794473
 0.787588
 0.779894
 0.771393
 0.762095
 0.752027
 0.741227
 0.729758
 0.717703
 0.705172
 0.692307
 0.679283
 0.666312
 0.653642
 0.641564
 0.6304
 0.620503
 0.612242
 0.605987
 0.602087
 0.600768
 -2.01237
 -2.0101
 -2.00343
 -1.99264
 -1.97791
 -1.95945
 -1.93748
 -1.91222
 -1.8839
 -1.85276
 -1.81904
 -1.78299
 -1.74487
 -1.70493
 -1.66344
 -1.62069
 -1.57697
 -1.53263
 -1.488
 -1.44349
 -1.39951
 -1.35656
 -1.31517
 -1.27595
 -1.23954
 -1.20666
 -1.17809
 -1.15462
 -1.13709
 -1.12631
 -1.12271
 4.46466e-15
 -0.000998319
 -0.00222332
 -0.00255672
 -0.00228508
 -0.0016192
 -0.000697906
 0.000403201
 0.00165996
 0.00308619
 0.00471966
 0.00660856
 0.00879913
 0.011325
 0.0141983
 0.0174029
 0.0208895
 0.0245711
 0.0283219
 0.0319748
 0.0353229
 0.0381216
 0.0400954
 0.0409494
 0.0403891
 0.0381489
 0.0340328
 0.0279651
 0.0200499
 0.0106348
 -7.22019e-16
 -1.24923e-16
 -0.0138029
 -0.027647
 -0.0438922
 -0.0620471
 -0.0817228
 -0.10262
 -0.124511
 -0.147217
 -0.170583
 -0.194454
 -0.218655
 -0.242967
 -0.267112
 -0.290735
 -0.313398
 -0.334562
 -0.353588
 -0.369725
 -0.382112
 -0.389781
 -0.391667
 -0.386633
 -0.373515
 -0.351187
 -0.318655
 -0.275189
 -0.220478
 -0.154798
 -0.0791766
 1.48869e-14
 3.47003e-15
 0.13659
 0.263249
 0.384383
 0.499464
 0.608153
 0.710207
 0.805425
 0.89363
 0.974659
 1.04835
 1.11454
 1.17303
 1.22356
 1.26579
 1.29926
 1.32337
 1.33735
 1.34021
 1.33078
 1.30768
 1.26931
 1.21395
 1.13975
 1.04489
 0.927679
 0.786731
 0.621156
 0.430724
 0.21597
 -4.32274e-15
 0.169792
 -0.0258974
 -0.0287712
 -0.0316254
 -0.0340431
 -0.0358457
 -0.0369925
 -0.0375087
 -0.0374387
 -0.0368216
 -0.035681
 -0.0340232
 -0.031841
 -0.0291191
 -0.0258402
 -0.0219899
 -0.0175619
 -0.0125613
 -0.00700818
 -0.000941518
 0.00557745
 0.0124608
 0.0195895
 0.0268098
 0.0339311
 0.0407286
 0.0469531
 0.0523527
 0.056711
 0.0599074
 0.163422
 -0.0626805
 -0.119891
 -0.134864
 -0.143341
 -0.146355
 -0.144948
 -0.140104
 -0.132694
 -0.12345
 -0.112944
 -0.101586
 -0.0896287
 -0.0771903
 -0.064283
 -0.0508483
 -0.0367927
 -0.0220218
 -0.00646738
 0.00989251
 0.0270234
 0.044832
 0.0631697
 0.0818395
 0.1006
 0.11916
 0.137161
 0.154135
 0.169429
 0.182097
 0.190745
 0.265113
 1.38278
 1.23102
 1.17728
 1.11461
 1.04564
 0.971853
 0.894086
 0.81295
 0.729004
 0.642827
 0.554994
 0.466028
 0.376352
 0.286262
 0.195917
 0.10536
 0.01454
 -0.0766527
 -0.168349
 -0.260675
 -0.353728
 -0.447575
 -0.542255
 -0.637804
 -0.734287
 -0.831854
 -0.930811
 -1.03175
 -1.13576
 -1.24484
 -1.09483
