# Created by traj_opt
# name: x
# type: matrix
# rows: 144
# columns: 1
 0.723577
 0.74237
 0.790838
 0.845573
 0.873332
 0.864387
 0.844648
 0.84234
 0.861102
 0.891029
 0.936344
 0.990699
 1.03047
 1.05736
 1.07371
 1.07695
 0.0361141
 -0.00938418
 -0.125776
 -0.25828
 -0.331425
 -0.32042
 -0.280472
 -0.277367
 -0.321382
 -0.388963
 -0.502171
 -0.650109
 -0.762186
 -0.838342
 -0.887514
 -0.900007
 -1.77849
 -1.73311
 -1.60695
 -1.44099
 -1.30989
 -1.25116
 -1.23024
 -1.18863
 -1.11375
 -1.02987
 -0.880833
 -0.664975
 -0.490661
 -0.363521
 -0.268811
 -0.236233
 1.51201e-14
 0.56377
 0.890272
 0.751775
 0.0809918
 -0.349321
 -0.242845
 0.173591
 0.389286
 0.508499
 0.850972
 0.779655
 0.413505
 0.393218
 0.0971721
 8.07621e-14
 8.36384e-14
 -1.36495
 -2.12681
 -1.84832
 -0.346011
 0.676163
 0.522265
 -0.42912
 -0.891307
 -1.13612
 -2.26014
 -2.178
 -1.1843
 -1.10038
 -0.374793
 8.3422e-14
 -5.436e-14
 1.36148
 2.42347
 2.55532
 1.37745
 0.384484
 0.243333
 1.0048
 1.2417
 1.27462
 3.19655
 3.27918
 1.95024
 1.86395
 0.977346
 -3.39697e-14
 -2.31382
 1.00817
 1.58507
 1.14572
 -1.83714
 0.300743
 3.72658
 1.33508
 1.90334
 -0.970175
 -0.26196
 -1.85734
 0.344119
 -1.1859
 -2.02907
 -3.33127
 -3.07855
 0.603958
 0.156515
 3.28031
 2.29919
 0.378966
 -1.41408
 -0.163639
 -1.40861
 -1.13303
 -0.885803
 0.0952186
 2.76433
 -0.642191
 0.101939
 -6.07502
 5.75292
 0.551889
 3.29118
 -2.18442
 0.650275
 -2.02518
 -0.419214
 0.471735
 -1.59059
 -0.451995
 3.72292
 -3.68871
 2.29084
 -1.17448
 -1.05501
 -3.25019
